slanted_-1074 4 4 16
0 0 0
2 1 0
0 3 1
1 0 4
0 2 1
0 1 3
0 3 2
1 2 3
0 0 0 0 1
0 0 0 1 1
1 1 1 0 1
1 1 1 1 1
2 2 2 0 0
2 2 2 1 0
-9223372036854775807 0 0 0 0
-9223372036854775807 0 0 1 1
2 1 1 0 0
2 1 1 1 1
1 2 1 0 0
1 2 1 1 1
0 1 0 0 0
0 1 0 1 1
1 0 0 0 0
1 0 0 1 1
slanted_-1000 4 4 16
0 0 0
108086391056891904 103582791429521408 0
0 110338190870577152 103582791429521408
103582791429521408 0 112589990684262400
0 2 1
0 1 3
0 3 2
1 2 3
0 0 0 0 1
0 0 0 103582791429521408 1
103582791429521408 103582791429521408 103582791429521408 0 1
103582791429521408 103582791429521408 103582791429521408 103582791429521408 1
108086391056891904 108086391056891904 108086391056891904 0 0
108086391056891904 108086391056891904 108086391056891904 103582791429521408 0
-9119789245425254400 0 0 0 0
-9119789245425254400 0 0 103582791429521408 1
108086391056891904 103582791429521408 103582791429521408 0 0
108086391056891904 103582791429521408 103582791429521408 103582791429521408 1
103582791429521408 108086391056891904 103582791429521408 0 0
103582791429521408 108086391056891904 103582791429521408 103582791429521408 1
0 103582791429521408 0 0 0
0 103582791429521408 0 103582791429521408 1
103582791429521408 0 0 0 0
103582791429521408 0 0 103582791429521408 1
slanted_-500 4 4 16
0 0 0
2359886204742139904 2355382605114769408 0
0 2362138004555825152 2355382605114769408
2355382605114769408 0 2364389804369510400
0 2 1
0 1 3
0 3 2
1 2 3
0 0 0 0 1
0 0 0 2355382605114769408 1
2355382605114769408 2355382605114769408 2355382605114769408 0 1
2355382605114769408 2355382605114769408 2355382605114769408 2355382605114769408 1
2359886204742139904 2359886204742139904 2359886204742139904 0 0
2359886204742139904 2359886204742139904 2359886204742139904 2355382605114769408 0
-6867989431740006400 0 0 0 0
-6867989431740006400 0 0 2355382605114769408 1
2359886204742139904 2355382605114769408 2355382605114769408 0 0
2359886204742139904 2355382605114769408 2355382605114769408 2355382605114769408 1
2355382605114769408 2359886204742139904 2355382605114769408 0 0
2355382605114769408 2359886204742139904 2355382605114769408 2355382605114769408 1
0 2355382605114769408 0 0 0
0 2355382605114769408 0 2355382605114769408 1
2355382605114769408 0 0 0 0
2355382605114769408 0 0 2355382605114769408 1
slanted_0 4 4 16
0 0 0
4611686018427387904 4607182418800017408 0
0 4613937818241073152 4607182418800017408
4607182418800017408 0 4616189618054758400
0 2 1
0 1 3
0 3 2
1 2 3
0 0 0 0 1
0 0 0 4607182418800017408 1
4607182418800017408 4607182418800017408 4607182418800017408 0 1
4607182418800017408 4607182418800017408 4607182418800017408 4607182418800017408 1
4611686018427387904 4611686018427387904 4611686018427387904 0 0
4611686018427387904 4611686018427387904 4611686018427387904 4607182418800017408 0
-4616189618054758400 0 0 0 0
-4616189618054758400 0 0 4607182418800017408 1
4611686018427387904 4607182418800017408 4607182418800017408 0 0
4611686018427387904 4607182418800017408 4607182418800017408 4607182418800017408 1
4607182418800017408 4611686018427387904 4607182418800017408 0 0
4607182418800017408 4611686018427387904 4607182418800017408 4607182418800017408 1
0 4607182418800017408 0 0 0
0 4607182418800017408 0 4607182418800017408 1
4607182418800017408 0 0 0 0
4607182418800017408 0 0 4607182418800017408 1
slanted_500 4 4 16
0 0 0
6863485832112635904 6858982232485265408 0
0 6865737631926321152 6858982232485265408
6858982232485265408 0 6867989431740006400
0 2 1
0 1 3
0 3 2
1 2 3
0 0 0 0 1
0 0 0 6858982232485265408 1
6858982232485265408 6858982232485265408 6858982232485265408 0 1
6858982232485265408 6858982232485265408 6858982232485265408 6858982232485265408 1
6863485832112635904 6863485832112635904 6863485832112635904 0 0
6863485832112635904 6863485832112635904 6863485832112635904 6858982232485265408 0
-2364389804369510400 0 0 0 0
-2364389804369510400 0 0 6858982232485265408 1
6863485832112635904 6858982232485265408 6858982232485265408 0 0
6863485832112635904 6858982232485265408 6858982232485265408 6858982232485265408 1
6858982232485265408 6863485832112635904 6858982232485265408 0 0
6858982232485265408 6863485832112635904 6858982232485265408 6858982232485265408 1
0 6858982232485265408 0 0 0
0 6858982232485265408 0 6858982232485265408 1
6858982232485265408 0 0 0 0
6858982232485265408 0 0 6858982232485265408 1
slanted_1000 4 4 16
0 0 0
9115285645797883904 9110782046170513408 0
0 9117537445611569152 9110782046170513408
9110782046170513408 0 9119789245425254400
0 2 1
0 1 3
0 3 2
1 2 3
0 0 0 0 1
0 0 0 9110782046170513408 1
9110782046170513408 9110782046170513408 9110782046170513408 0 1
9110782046170513408 9110782046170513408 9110782046170513408 9110782046170513408 1
9115285645797883904 9115285645797883904 9115285645797883904 0 0
9115285645797883904 9115285645797883904 9115285645797883904 9110782046170513408 0
-112589990684262400 0 0 0 0
-112589990684262400 0 0 9110782046170513408 1
9115285645797883904 9110782046170513408 9110782046170513408 0 0
9115285645797883904 9110782046170513408 9110782046170513408 9110782046170513408 1
9110782046170513408 9115285645797883904 9110782046170513408 0 0
9110782046170513408 9115285645797883904 9110782046170513408 9110782046170513408 1
0 9110782046170513408 0 0 0
0 9110782046170513408 0 9110782046170513408 1
9110782046170513408 0 0 0 0
9110782046170513408 0 0 9110782046170513408 1
retained_subnormal_anchors 4 4 12
1 1 1
9110782046170513408 1 1
1 9110782046170513408 1
1 1 9110782046170513408
0 2 1
0 1 3
0 3 2
1 2 3
1 1 1 0 1
9110782046170513408 1 1 0 1
1 9110782046170513408 1 0 1
1 1 9110782046170513408 0 1
0 1 1 0 0
0 1 1 1 1
1 0 1 0 0
1 0 1 1 1
1 1 0 0 0
1 1 0 1 1
0 0 0 0 0
0 0 0 1 1
translated_slanted 4 4 16
6858982232485265408 -2364389804369510400 6858982232485265408
6858982232485273600 -2364389804369518592 6858982232485265408
6858982232485265408 -2364389804369534976 6858982232485269504
6858982232485269504 -2364389804369510400 6858982232485281792
0 2 1
0 1 3
0 3 2
1 2 3
6858982232485265408 -2364389804369510400 6858982232485265408 0 1
6858982232485265408 -2364389804369510400 6858982232485265408 6678838247390445568 1
6858982232485269504 -2364389804369518592 6858982232485269504 0 1
6858982232485269504 -2364389804369518592 6858982232485269504 6678838247390445568 1
6858982232485273600 -2364389804369526784 6858982232485273600 0 0
6858982232485273600 -2364389804369526784 6858982232485273600 6678838247390445568 0
6858982232485257216 -2364389804369510400 6858982232485265408 0 0
6858982232485257216 -2364389804369510400 6858982232485265408 6678838247390445568 1
6858982232485273600 -2364389804369518592 6858982232485269504 0 0
6858982232485273600 -2364389804369518592 6858982232485269504 6678838247390445568 1
6858982232485269504 -2364389804369526784 6858982232485269504 0 0
6858982232485269504 -2364389804369526784 6858982232485269504 6678838247390445568 1
6858982232485265408 -2364389804369518592 6858982232485265408 0 0
6858982232485265408 -2364389804369518592 6858982232485265408 6678838247390445568 1
6858982232485269504 -2364389804369510400 6858982232485265408 0 0
6858982232485269504 -2364389804369510400 6858982232485265408 6678838247390445568 1
positive_boundary_-1074 4 4 4
0 0 0
4 0 0
0 3 0
0 0 1
0 2 1
0 1 3
0 3 2
1 2 3
3 4 0 0 0
3 4 0 1 1
3 4 0 2 1
3 4 0 0 0
positive_boundary_-500 4 4 4
0 0 0
2364389804369510400 0 0
0 2362138004555825152 0
0 0 2355382605114769408
0 2 1
0 1 3
0 3 2
1 2 3
2362138004555825152 2364389804369510400 0 2355382605114769407 0
2362138004555825152 2364389804369510400 0 2355382605114769408 1
2362138004555825152 2364389804369510400 0 2355382605114769409 1
2362138004555825152 2364389804369510400 0 0 0
positive_boundary_0 4 4 4
0 0 0
4616189618054758400 0 0
0 4613937818241073152 0
0 0 4607182418800017408
0 2 1
0 1 3
0 3 2
1 2 3
4613937818241073152 4616189618054758400 0 4607182418800017407 0
4613937818241073152 4616189618054758400 0 4607182418800017408 1
4613937818241073152 4616189618054758400 0 4607182418800017409 1
4613937818241073152 4616189618054758400 0 0 0
positive_boundary_500 4 4 4
0 0 0
6867989431740006400 0 0
0 6865737631926321152 0
0 0 6858982232485265408
0 2 1
0 1 3
0 3 2
1 2 3
6865737631926321152 6867989431740006400 0 6858982232485265407 0
6865737631926321152 6867989431740006400 0 6858982232485265408 1
6865737631926321152 6867989431740006400 0 6858982232485265409 1
6865737631926321152 6867989431740006400 0 0 0
positive_boundary_1000 4 4 4
0 0 0
9119789245425254400 0 0
0 9117537445611569152 0
0 0 9110782046170513408
0 2 1
0 1 3
0 3 2
1 2 3
9117537445611569152 9119789245425254400 0 9110782046170513407 0
9117537445611569152 9119789245425254400 0 9110782046170513408 1
9117537445611569152 9119789245425254400 0 9110782046170513409 1
9117537445611569152 9119789245425254400 0 0 0
strict_horizon_-500 9 22 11
0 0 0
2355382605114769408 2355382605114769408 -6867989431740006400
2355382605114769408 -6867989431740006400 2355382605114769408
2359886204742139904 0 0
2355382605114769408 2355382605114769408 2355382605114769408
2359886204742139904 2359886204742139904 0
2359886204742139904 0 2359886204742139904
2362138004555825152 2355382605114769408 2355382605114769408
2361012104648982540 2350879005487398880 2357634404928454680
0 1 2
0 1 3
0 4 1
0 5 1
0 3 2
0 2 4
0 2 6
0 4 5
0 6 4
1 3 2
1 5 3
1 7 3
1 4 5
1 5 7
2 3 8
2 6 4
2 8 6
3 5 7
3 7 8
4 8 5
4 6 8
5 8 7
0 0 0 0 1
2355382605114769408 2355382605114769408 -6867989431740006400 0 1
2355382605114769408 -6867989431740006400 2355382605114769408 0 1
2359886204742139904 0 0 0 1
2355382605114769408 2355382605114769408 2355382605114769408 0 1
2359886204742139904 2359886204742139904 0 0 1
2359886204742139904 0 2359886204742139904 0 1
2362138004555825152 2355382605114769408 2355382605114769408 0 1
2361012104648982540 2350879005487398880 2357634404928454680 0 1
2357634404928454656 2350879005487398912 2350879005487398912 0 1
2364389804369510400 0 0 0 0
strict_horizon_0 9 22 11
0 0 0
4607182418800017408 4607182418800017408 -4616189618054758400
4607182418800017408 -4616189618054758400 4607182418800017408
4611686018427387904 0 0
4607182418800017408 4607182418800017408 4607182418800017408
4611686018427387904 4611686018427387904 0
4611686018427387904 0 4611686018427387904
4613937818241073152 4607182418800017408 4607182418800017408
4612811918334230540 4602678819172646880 4609434218613702680
0 1 2
0 1 3
0 4 1
0 5 1
0 3 2
0 2 4
0 2 6
0 4 5
0 6 4
1 3 2
1 5 3
1 7 3
1 4 5
1 5 7
2 3 8
2 6 4
2 8 6
3 5 7
3 7 8
4 8 5
4 6 8
5 8 7
0 0 0 0 1
4607182418800017408 4607182418800017408 -4616189618054758400 0 1
4607182418800017408 -4616189618054758400 4607182418800017408 0 1
4611686018427387904 0 0 0 1
4607182418800017408 4607182418800017408 4607182418800017408 0 1
4611686018427387904 4611686018427387904 0 0 1
4611686018427387904 0 4611686018427387904 0 1
4613937818241073152 4607182418800017408 4607182418800017408 0 1
4612811918334230540 4602678819172646880 4609434218613702680 0 1
4609434218613702656 4602678819172646912 4602678819172646912 0 1
4616189618054758400 0 0 0 0
strict_horizon_500 9 22 11
0 0 0
6858982232485265408 6858982232485265408 -2364389804369510400
6858982232485265408 -2364389804369510400 6858982232485265408
6863485832112635904 0 0
6858982232485265408 6858982232485265408 6858982232485265408
6863485832112635904 6863485832112635904 0
6863485832112635904 0 6863485832112635904
6865737631926321152 6858982232485265408 6858982232485265408
6864611732019478540 6854478632857894880 6861234032298950680
0 1 2
0 1 3
0 4 1
0 5 1
0 3 2
0 2 4
0 2 6
0 4 5
0 6 4
1 3 2
1 5 3
1 7 3
1 4 5
1 5 7
2 3 8
2 6 4
2 8 6
3 5 7
3 7 8
4 8 5
4 6 8
5 8 7
0 0 0 0 1
6858982232485265408 6858982232485265408 -2364389804369510400 0 1
6858982232485265408 -2364389804369510400 6858982232485265408 0 1
6863485832112635904 0 0 0 1
6858982232485265408 6858982232485265408 6858982232485265408 0 1
6863485832112635904 6863485832112635904 0 0 1
6863485832112635904 0 6863485832112635904 0 1
6865737631926321152 6858982232485265408 6858982232485265408 0 1
6864611732019478540 6854478632857894880 6861234032298950680 0 1
6861234032298950656 6854478632857894912 6854478632857894912 0 1
6867989431740006400 0 0 0 0
strict_assignment_-500 9 24 11
0 0 0
2355382605114769408 2355382605114769408 -6867989431740006400
2355382605114769408 -6867989431740006400 2355382605114769408
2359886204742139904 0 0
2355382605114769408 2355382605114769408 2355382605114769408
2359886204742139904 2359886204742139904 0
2359886204742139904 0 2359886204742139904
2362138004555825152 2355382605114769408 2355382605114769408
2359886204742139906 2355382605114769412 2355382605114769412
0 1 2
0 1 3
0 4 1
0 5 1
0 3 2
0 2 4
0 2 6
0 4 5
0 6 4
1 3 2
1 5 3
1 7 3
1 4 5
1 5 7
2 3 6
2 3 7
2 6 4
2 7 6
3 5 7
3 7 6
4 8 5
4 6 8
5 8 7
6 7 8
0 0 0 0 1
2355382605114769408 2355382605114769408 -6867989431740006400 0 1
2355382605114769408 -6867989431740006400 2355382605114769408 0 1
2359886204742139904 0 0 0 1
2355382605114769408 2355382605114769408 2355382605114769408 0 1
2359886204742139904 2359886204742139904 0 0 1
2359886204742139904 0 2359886204742139904 0 1
2362138004555825152 2355382605114769408 2355382605114769408 0 1
2359886204742139906 2355382605114769412 2355382605114769412 0 1
2357634404928454656 2350879005487398912 2350879005487398912 0 1
2364389804369510400 0 0 0 0
strict_assignment_0 9 24 11
0 0 0
4607182418800017408 4607182418800017408 -4616189618054758400
4607182418800017408 -4616189618054758400 4607182418800017408
4611686018427387904 0 0
4607182418800017408 4607182418800017408 4607182418800017408
4611686018427387904 4611686018427387904 0
4611686018427387904 0 4611686018427387904
4613937818241073152 4607182418800017408 4607182418800017408
4611686018427387906 4607182418800017412 4607182418800017412
0 1 2
0 1 3
0 4 1
0 5 1
0 3 2
0 2 4
0 2 6
0 4 5
0 6 4
1 3 2
1 5 3
1 7 3
1 4 5
1 5 7
2 3 6
2 3 7
2 6 4
2 7 6
3 5 7
3 7 6
4 8 5
4 6 8
5 8 7
6 7 8
0 0 0 0 1
4607182418800017408 4607182418800017408 -4616189618054758400 0 1
4607182418800017408 -4616189618054758400 4607182418800017408 0 1
4611686018427387904 0 0 0 1
4607182418800017408 4607182418800017408 4607182418800017408 0 1
4611686018427387904 4611686018427387904 0 0 1
4611686018427387904 0 4611686018427387904 0 1
4613937818241073152 4607182418800017408 4607182418800017408 0 1
4611686018427387906 4607182418800017412 4607182418800017412 0 1
4609434218613702656 4602678819172646912 4602678819172646912 0 1
4616189618054758400 0 0 0 0
strict_assignment_500 9 24 11
0 0 0
6858982232485265408 6858982232485265408 -2364389804369510400
6858982232485265408 -2364389804369510400 6858982232485265408
6863485832112635904 0 0
6858982232485265408 6858982232485265408 6858982232485265408
6863485832112635904 6863485832112635904 0
6863485832112635904 0 6863485832112635904
6865737631926321152 6858982232485265408 6858982232485265408
6863485832112635906 6858982232485265412 6858982232485265412
0 1 2
0 1 3
0 4 1
0 5 1
0 3 2
0 2 4
0 2 6
0 4 5
0 6 4
1 3 2
1 5 3
1 7 3
1 4 5
1 5 7
2 3 6
2 3 7
2 6 4
2 7 6
3 5 7
3 7 6
4 8 5
4 6 8
5 8 7
6 7 8
0 0 0 0 1
6858982232485265408 6858982232485265408 -2364389804369510400 0 1
6858982232485265408 -2364389804369510400 6858982232485265408 0 1
6863485832112635904 0 0 0 1
6858982232485265408 6858982232485265408 6858982232485265408 0 1
6863485832112635904 6863485832112635904 0 0 1
6863485832112635904 0 6863485832112635904 0 1
6865737631926321152 6858982232485265408 6858982232485265408 0 1
6863485832112635906 6858982232485265412 6858982232485265412 0 1
6861234032298950656 6854478632857894912 6854478632857894912 0 1
6867989431740006400 0 0 0 0
